i t amp pha
0 -14.000000 0.600000 1.884956
1 -13.971972 0.594394 1.902566
2 -13.943944 0.588789 1.920177
3 -13.915916 0.583183 1.937787
4 -13.887888 0.577578 1.955398
5 -13.859860 0.571972 1.973008
6 -13.831832 0.566366 1.990619
7 -13.803804 0.560761 2.008229
8 -13.775776 0.555155 2.025840
9 -13.747748 0.549550 2.043450
10 -13.719720 0.543944 2.061061
11 -13.691692 0.538338 2.078671
12 -13.663664 0.532733 2.096282
13 -13.635636 0.527127 2.113892
14 -13.607608 0.521522 2.131503
15 -13.579580 0.515916 2.149114
16 -13.551552 0.510310 2.166724
17 -13.523524 0.504705 2.184335
18 -13.495495 0.499099 2.201945
19 -13.467467 0.493493 2.219556
20 -13.439439 0.487888 2.237166
21 -13.411411 0.482282 2.254777
22 -13.383383 0.476677 2.272387
23 -13.355355 0.471071 2.289998
24 -13.327327 0.465465 2.307608
25 -13.299299 0.459860 2.325219
26 -13.271271 0.454254 2.342829
27 -13.243243 0.448649 2.360440
28 -13.215215 0.443043 2.378050
29 -13.187187 0.437437 2.395661
30 -13.159159 0.431832 2.413271
31 -13.131131 0.426226 2.430882
32 -13.103103 0.420621 2.448493
33 -13.075075 0.415015 2.466103
34 -13.047047 0.409409 2.483714
35 -13.019019 0.403804 2.501324
36 -12.990991 0.398198 2.518935
37 -12.962963 0.392593 2.536545
38 -12.934935 0.386987 2.554156
39 -12.906907 0.381381 2.571766
40 -12.878879 0.375776 2.589377
41 -12.850851 0.370170 2.606987
42 -12.822823 0.364565 2.624598
43 -12.794795 0.358959 2.642208
44 -12.766767 0.353353 2.659819
45 -12.738739 0.347748 2.677429
46 -12.710711 0.342142 2.695040
47 -12.682683 0.336537 2.712650
48 -12.654655 0.330931 2.730261
49 -12.626627 0.325325 2.747872
50 -12.598599 0.319720 2.765482
51 -12.570571 0.314114 2.783093
52 -12.542543 0.308509 2.800703
53 -12.514515 0.302903 2.818314
54 -12.486486 0.297297 2.835924
55 -12.458458 0.291692 2.853535
56 -12.430430 0.286086 2.871145
57 -12.402402 0.280480 2.888756
58 -12.374374 0.274875 2.906366
59 -12.346346 0.269269 2.923977
60 -12.318318 0.263664 2.941587
61 -12.290290 0.258058 2.959198
62 -12.262262 0.252452 2.976808
63 -12.234234 0.246847 2.994419
64 -12.206206 0.241241 3.012029
65 -12.178178 0.235636 3.029640
66 -12.150150 0.230030 3.047251
67 -12.122122 0.224424 3.064861
68 -12.094094 0.218819 3.082472
69 -12.066066 0.213213 3.100082
70 -12.038038 0.207608 3.117693
71 -12.010010 0.202002 3.135303
72 -11.981982 0.196396 3.152914
73 -11.953954 0.190791 3.170524
74 -11.925926 0.185185 3.188135
75 -11.897898 0.179580 3.205745
76 -11.869870 0.173974 3.223356
77 -11.841842 0.168368 3.240966
78 -11.813814 0.162763 3.258577
79 -11.785786 0.157157 3.276187
80 -11.757758 0.151552 3.293798
81 -11.729730 0.145946 3.311408
82 -11.701702 0.140340 3.329019
83 -11.673674 0.134735 3.346630
84 -11.645646 0.129129 3.364240
85 -11.617618 0.123524 3.381851
86 -11.589590 0.117918 3.399461
87 -11.561562 0.112312 3.417072
88 -11.533534 0.106707 3.434682
89 -11.505506 0.101101 3.452293
90 -11.477477 0.095495 3.469903
91 -11.449449 0.089890 3.487514
92 -11.421421 0.084284 3.505124
93 -11.393393 0.078679 3.522735
94 -11.365365 0.073073 3.540345
95 -11.337337 0.067467 3.557956
96 -11.309309 0.061862 3.575566
97 -11.281281 0.056256 3.593177
98 -11.253253 0.050651 3.610787
99 -11.225225 0.045045 3.628398
100 -11.197197 0.039439 3.646009
101 -11.169169 0.033834 3.663619
102 -11.141141 0.028228 3.681230
103 -11.113113 0.022623 3.698840
104 -11.085085 0.017017 3.716451
105 -11.057057 0.011411 3.734061
106 -11.029029 0.005806 3.751672
107 -11.001001 0.000200 3.769282
108 -10.972973 0.000000 3.786893
109 -10.944945 0.000000 3.804503
110 -10.916917 0.000000 3.822114
111 -10.888889 0.000000 3.839724
112 -10.860861 0.000000 3.857335
113 -10.832833 0.000000 3.874945
114 -10.804805 0.000000 3.892556
115 -10.776777 0.000000 3.910166
116 -10.748749 0.000000 3.927777
117 -10.720721 0.000000 3.945388
118 -10.692693 0.000000 3.962998
119 -10.664665 0.000000 3.980609
120 -10.636637 0.000000 3.998219
121 -10.608609 0.000000 4.015830
122 -10.580581 0.000000 4.033440
123 -10.552553 0.000000 4.051051
124 -10.524525 0.000000 4.068661
125 -10.496496 0.000000 4.086272
126 -10.468468 0.000000 4.103882
127 -10.440440 0.000000 4.121493
128 -10.412412 0.000000 4.139103
129 -10.384384 0.000000 4.156714
130 -10.356356 0.000000 4.174324
131 -10.328328 0.000000 4.191935
132 -10.300300 0.000000 4.209545
133 -10.272272 0.000000 4.227156
134 -10.244244 0.000000 4.244767
135 -10.216216 0.000000 4.262377
136 -10.188188 0.000000 4.279988
137 -10.160160 0.000000 4.297598
138 -10.132132 0.000000 4.315209
139 -10.104104 0.000000 4.332819
140 -10.076076 0.000000 4.350430
141 -10.048048 0.000000 4.368040
142 -10.020020 0.000000 4.385651
143 -9.991992 0.000000 4.403261
144 -9.963964 0.000000 4.420872
145 -9.935936 0.000000 4.438482
146 -9.907908 0.000000 4.456093
147 -9.879880 0.000000 4.473703
148 -9.851852 0.000000 4.491314
149 -9.823824 0.000000 4.508924
150 -9.795796 0.000000 4.526535
151 -9.767768 0.000000 4.544146
152 -9.739740 0.000000 4.561756
153 -9.711712 0.000000 4.579367
154 -9.683684 0.000000 4.596977
155 -9.655656 0.000000 4.614588
156 -9.627628 0.000000 4.632198
157 -9.599600 0.000000 4.649809
158 -9.571572 0.000000 4.667419
159 -9.543544 0.000000 4.685030
160 -9.515516 0.000000 4.702640
161 -9.487487 0.000000 4.720251
162 -9.459459 0.000000 4.737861
163 -9.431431 0.000000 4.755472
164 -9.403403 0.000000 4.773082
165 -9.375375 0.000000 4.790693
166 -9.347347 0.000000 4.808303
167 -9.319319 0.000000 4.825914
168 -9.291291 0.000000 4.843525
169 -9.263263 0.000000 4.861135
170 -9.235235 0.000000 4.878746
171 -9.207207 0.000000 4.896356
172 -9.179179 0.000000 4.913967
173 -9.151151 0.000000 4.931577
174 -9.123123 0.000000 4.949188
175 -9.095095 0.000000 4.966798
176 -9.067067 0.000000 4.984409
177 -9.039039 0.000000 5.002019
178 -9.011011 0.000000 5.019630
179 -8.982983 0.000000 5.037240
180 -8.954955 0.000000 5.054851
181 -8.926927 0.000000 5.072461
182 -8.898899 0.000000 5.090072
183 -8.870871 0.000000 5.107682
184 -8.842843 0.000000 5.125293
185 -8.814815 0.000000 5.142904
186 -8.786787 0.000000 5.160514
187 -8.758759 0.000000 5.178125
188 -8.730731 0.000000 5.195735
189 -8.702703 0.000000 5.213346
190 -8.674675 0.000000 5.230956
191 -8.646647 0.000000 5.248567
192 -8.618619 0.000000 5.266177
193 -8.590591 0.000000 5.283788
194 -8.562563 0.000000 5.301398
195 -8.534535 0.000000 5.319009
196 -8.506507 0.000000 5.336619
197 -8.478478 0.000000 5.354230
198 -8.450450 0.000000 5.371840
199 -8.422422 0.000000 5.389451
200 -8.394394 0.000000 5.407061
201 -8.366366 0.000000 5.424672
202 -8.338338 0.000000 5.442283
203 -8.310310 0.000000 5.459893
204 -8.282282 0.000000 5.477504
205 -8.254254 0.000000 5.495114
206 -8.226226 0.000000 5.512725
207 -8.198198 0.000000 5.530335
208 -8.170170 0.000000 5.547946
209 -8.142142 0.000000 5.565556
210 -8.114114 0.000000 5.583167
211 -8.086086 0.000000 5.600777
212 -8.058058 0.000000 5.618388
213 -8.030030 0.000000 5.635998
214 -8.002002 0.000000 5.653609
215 -7.973974 0.000000 5.671219
216 -7.945946 0.000000 5.688830
217 -7.917918 0.000000 5.706440
218 -7.889890 0.000000 5.724051
219 -7.861862 0.000000 5.741662
220 -7.833834 0.000000 5.759272
221 -7.805806 0.000000 5.776883
222 -7.777778 0.000000 5.794493
223 -7.749750 0.000000 5.812104
224 -7.721722 0.000000 5.829714
225 -7.693694 0.000000 5.847325
226 -7.665666 0.000000 5.864935
227 -7.637638 0.000000 5.882546
228 -7.609610 0.000000 5.900156
229 -7.581582 0.000000 5.917767
230 -7.553554 0.000000 5.935377
231 -7.525526 0.000000 5.952988
232 -7.497497 0.000000 5.970598
233 -7.469469 0.000000 5.988209
234 -7.441441 0.000000 6.005819
235 -7.413413 0.000000 6.023430
236 -7.385385 0.000000 6.041041
237 -7.357357 0.000000 6.058651
238 -7.329329 0.000000 6.076262
239 -7.301301 0.000000 6.093872
240 -7.273273 0.000000 6.111483
241 -7.245245 0.000000 6.129093
242 -7.217217 0.000000 6.146704
243 -7.189189 0.000000 6.164314
244 -7.161161 0.000000 6.181925
245 -7.133133 0.000000 6.199535
246 -7.105105 0.000000 6.217146
247 -7.077077 0.000000 6.234756
248 -7.049049 0.000000 6.252367
249 -7.021021 0.000000 6.269977
250 -6.992993 0.007007 0.004403
251 -6.964965 0.035035 0.022013
252 -6.936937 0.063063 0.039624
253 -6.908909 0.091091 0.057234
254 -6.880881 0.119119 0.074845
255 -6.852853 0.147147 0.092455
256 -6.824825 0.175175 0.110066
257 -6.796797 0.203203 0.127676
258 -6.768769 0.231231 0.145287
259 -6.740741 0.259259 0.162897
260 -6.712713 0.287287 0.180508
261 -6.684685 0.315315 0.198118
262 -6.656657 0.343343 0.215729
263 -6.628629 0.371371 0.233340
264 -6.600601 0.399399 0.250950
265 -6.572573 0.427427 0.268561
266 -6.544545 0.455455 0.286171
267 -6.516517 0.483483 0.303782
268 -6.488488 0.511512 0.321392
269 -6.460460 0.539540 0.339003
270 -6.432432 0.567568 0.356613
271 -6.404404 0.595596 0.374224
272 -6.376376 0.623624 0.391834
273 -6.348348 0.651652 0.409445
274 -6.320320 0.679680 0.427055
275 -6.292292 0.707708 0.444666
276 -6.264264 0.735736 0.462276
277 -6.236236 0.763764 0.479887
278 -6.208208 0.791792 0.497497
279 -6.180180 0.819820 0.515108
280 -6.152152 0.847848 0.532719
281 -6.124124 0.875876 0.550329
282 -6.096096 0.903904 0.567940
283 -6.068068 0.931932 0.585550
284 -6.040040 0.959960 0.603161
285 -6.012012 0.987988 0.620771
286 -5.983984 0.996797 0.638382
287 -5.955956 0.991191 0.655992
288 -5.927928 0.985586 0.673603
289 -5.899900 0.979980 0.691213
290 -5.871872 0.974374 0.708824
291 -5.843844 0.968769 0.726434
292 -5.815816 0.963163 0.744045
293 -5.787788 0.957558 0.761655
294 -5.759760 0.951952 0.779266
295 -5.731732 0.946346 0.796876
296 -5.703704 0.940741 0.814487
297 -5.675676 0.935135 0.832098
298 -5.647648 0.929530 0.849708
299 -5.619620 0.923924 0.867319
300 -5.591592 0.918318 0.884929
301 -5.563564 0.912713 0.902540
302 -5.535536 0.907107 0.920150
303 -5.507508 0.901502 0.937761
304 -5.479479 0.895896 0.955371
305 -5.451451 0.890290 0.972982
306 -5.423423 0.884685 0.990592
307 -5.395395 0.879079 1.008203
308 -5.367367 0.873473 1.025813
309 -5.339339 0.867868 1.043424
310 -5.311311 0.862262 1.061034
311 -5.283283 0.856657 1.078645
312 -5.255255 0.851051 1.096255
313 -5.227227 0.845445 1.113866
314 -5.199199 0.839840 1.131477
315 -5.171171 0.834234 1.149087
316 -5.143143 0.828629 1.166698
317 -5.115115 0.823023 1.184308
318 -5.087087 0.817417 1.201919
319 -5.059059 0.811812 1.219529
320 -5.031031 0.806206 1.237140
321 -5.003003 0.800601 1.254750
322 -4.974975 0.794995 1.272361
323 -4.946947 0.789389 1.289971
324 -4.918919 0.783784 1.307582
325 -4.890891 0.778178 1.325192
326 -4.862863 0.772573 1.342803
327 -4.834835 0.766967 1.360413
328 -4.806807 0.761361 1.378024
329 -4.778779 0.755756 1.395634
330 -4.750751 0.750150 1.413245
331 -4.722723 0.744545 1.430856
332 -4.694695 0.738939 1.448466
333 -4.666667 0.733333 1.466077
334 -4.638639 0.727728 1.483687
335 -4.610611 0.722122 1.501298
336 -4.582583 0.716517 1.518908
337 -4.554555 0.710911 1.536519
338 -4.526527 0.705305 1.554129
339 -4.498498 0.699700 1.571740
340 -4.470470 0.694094 1.589350
341 -4.442442 0.688488 1.606961
342 -4.414414 0.682883 1.624571
343 -4.386386 0.677277 1.642182
344 -4.358358 0.671672 1.659792
345 -4.330330 0.666066 1.677403
346 -4.302302 0.660460 1.695013
347 -4.274274 0.654855 1.712624
348 -4.246246 0.649249 1.730235
349 -4.218218 0.643644 1.747845
350 -4.190190 0.638038 1.765456
351 -4.162162 0.632432 1.783066
352 -4.134134 0.626827 1.800677
353 -4.106106 0.621221 1.818287
354 -4.078078 0.615616 1.835898
355 -4.050050 0.610010 1.853508
356 -4.022022 0.604404 1.871119
357 -3.993994 0.598799 1.888729
358 -3.965966 0.593193 1.906340
359 -3.937938 0.587588 1.923950
360 -3.909910 0.581982 1.941561
361 -3.881882 0.576376 1.959171
362 -3.853854 0.570771 1.976782
363 -3.825826 0.565165 1.994392
364 -3.797798 0.559560 2.012003
365 -3.769770 0.553954 2.029614
366 -3.741742 0.548348 2.047224
367 -3.713714 0.542743 2.064835
368 -3.685686 0.537137 2.082445
369 -3.657658 0.531532 2.100056
370 -3.629630 0.525926 2.117666
371 -3.601602 0.520320 2.135277
372 -3.573574 0.514715 2.152887
373 -3.545546 0.509109 2.170498
374 -3.517518 0.503504 2.188108
375 -3.489489 0.497898 2.205719
376 -3.461461 0.492292 2.223329
377 -3.433433 0.486687 2.240940
378 -3.405405 0.481081 2.258550
379 -3.377377 0.475475 2.276161
380 -3.349349 0.469870 2.293771
381 -3.321321 0.464264 2.311382
382 -3.293293 0.458659 2.328993
383 -3.265265 0.453053 2.346603
384 -3.237237 0.447447 2.364214
385 -3.209209 0.441842 2.381824
386 -3.181181 0.436236 2.399435
387 -3.153153 0.430631 2.417045
388 -3.125125 0.425025 2.434656
389 -3.097097 0.419419 2.452266
390 -3.069069 0.413814 2.469877
391 -3.041041 0.408208 2.487487
392 -3.013013 0.402603 2.505098
393 -2.984985 0.396997 2.522708
394 -2.956957 0.391391 2.540319
395 -2.928929 0.385786 2.557929
396 -2.900901 0.380180 2.575540
397 -2.872873 0.374575 2.593150
398 -2.844845 0.368969 2.610761
399 -2.816817 0.363363 2.628372
400 -2.788789 0.357758 2.645982
401 -2.760761 0.352152 2.663593
402 -2.732733 0.346547 2.681203
403 -2.704705 0.340941 2.698814
404 -2.676677 0.335335 2.716424
405 -2.648649 0.329730 2.734035
406 -2.620621 0.324124 2.751645
407 -2.592593 0.318519 2.769256
408 -2.564565 0.312913 2.786866
409 -2.536537 0.307307 2.804477
410 -2.508509 0.301702 2.822087
411 -2.480480 0.296096 2.839698
412 -2.452452 0.290490 2.857308
413 -2.424424 0.284885 2.874919
414 -2.396396 0.279279 2.892529
415 -2.368368 0.273674 2.910140
416 -2.340340 0.268068 2.927751
417 -2.312312 0.262462 2.945361
418 -2.284284 0.256857 2.962972
419 -2.256256 0.251251 2.980582
420 -2.228228 0.245646 2.998193
421 -2.200200 0.240040 3.015803
422 -2.172172 0.234434 3.033414
423 -2.144144 0.228829 3.051024
424 -2.116116 0.223223 3.068635
425 -2.088088 0.217618 3.086245
426 -2.060060 0.212012 3.103856
427 -2.032032 0.206406 3.121466
428 -2.004004 0.200801 3.139077
429 -1.975976 0.195195 3.156687
430 -1.947948 0.189590 3.174298
431 -1.919920 0.183984 3.191908
432 -1.891892 0.178378 3.209519
433 -1.863864 0.172773 3.227130
434 -1.835836 0.167167 3.244740
435 -1.807808 0.161562 3.262351
436 -1.779780 0.155956 3.279961
437 -1.751752 0.150350 3.297572
438 -1.723724 0.144745 3.315182
439 -1.695696 0.139139 3.332793
440 -1.667668 0.133534 3.350403
441 -1.639640 0.127928 3.368014
442 -1.611612 0.122322 3.385624
443 -1.583584 0.116717 3.403235
444 -1.555556 0.111111 3.420845
445 -1.527528 0.105506 3.438456
446 -1.499499 0.099900 3.456066
447 -1.471471 0.094294 3.473677
448 -1.443443 0.088689 3.491287
449 -1.415415 0.083083 3.508898
450 -1.387387 0.077477 3.526509
451 -1.359359 0.071872 3.544119
452 -1.331331 0.066266 3.561730
453 -1.303303 0.060661 3.579340
454 -1.275275 0.055055 3.596951
455 -1.247247 0.049449 3.614561
456 -1.219219 0.043844 3.632172
457 -1.191191 0.038238 3.649782
458 -1.163163 0.032633 3.667393
459 -1.135135 0.027027 3.685003
460 -1.107107 0.021421 3.702614
461 -1.079079 0.015816 3.720224
462 -1.051051 0.010210 3.737835
463 -1.023023 0.004605 3.755445
464 -0.994995 0.000000 3.773056
465 -0.966967 0.000000 3.790666
466 -0.938939 0.000000 3.808277
467 -0.910911 0.000000 3.825888
468 -0.882883 0.000000 3.843498
469 -0.854855 0.000000 3.861109
470 -0.826827 0.000000 3.878719
471 -0.798799 0.000000 3.896330
472 -0.770771 0.000000 3.913940
473 -0.742743 0.000000 3.931551
474 -0.714715 0.000000 3.949161
475 -0.686687 0.000000 3.966772
476 -0.658659 0.000000 3.984382
477 -0.630631 0.000000 4.001993
478 -0.602603 0.000000 4.019603
479 -0.574575 0.000000 4.037214
480 -0.546547 0.000000 4.054824
481 -0.518519 0.000000 4.072435
482 -0.490490 0.000000 4.090045
483 -0.462462 0.000000 4.107656
484 -0.434434 0.000000 4.125267
485 -0.406406 0.000000 4.142877
486 -0.378378 0.000000 4.160488
487 -0.350350 0.000000 4.178098
488 -0.322322 0.000000 4.195709
489 -0.294294 0.000000 4.213319
490 -0.266266 0.000000 4.230930
491 -0.238238 0.000000 4.248540
492 -0.210210 0.000000 4.266151
493 -0.182182 0.000000 4.283761
494 -0.154154 0.000000 4.301372
495 -0.126126 0.000000 4.318982
496 -0.098098 0.000000 4.336593
497 -0.070070 0.000000 4.354203
498 -0.042042 0.000000 4.371814
499 -0.014014 0.000000 4.389424
500 0.014014 0.000000 4.407035
501 0.042042 0.000000 4.424646
502 0.070070 0.000000 4.442256
503 0.098098 0.000000 4.459867
504 0.126126 0.000000 4.477477
505 0.154154 0.000000 4.495088
506 0.182182 0.000000 4.512698
507 0.210210 0.000000 4.530309
508 0.238238 0.000000 4.547919
509 0.266266 0.000000 4.565530
510 0.294294 0.000000 4.583140
511 0.322322 0.000000 4.600751
512 0.350350 0.000000 4.618361
513 0.378378 0.000000 4.635972
514 0.406406 0.000000 4.653582
515 0.434434 0.000000 4.671193
516 0.462462 0.000000 4.688803
517 0.490490 0.000000 4.706414
518 0.518519 0.000000 4.724025
519 0.546547 0.000000 4.741635
520 0.574575 0.000000 4.759246
521 0.602603 0.000000 4.776856
522 0.630631 0.000000 4.794467
523 0.658659 0.000000 4.812077
524 0.686687 0.000000 4.829688
525 0.714715 0.000000 4.847298
526 0.742743 0.000000 4.864909
527 0.770771 0.000000 4.882519
528 0.798799 0.000000 4.900130
529 0.826827 0.000000 4.917740
530 0.854855 0.000000 4.935351
531 0.882883 0.000000 4.952961
532 0.910911 0.000000 4.970572
533 0.938939 0.000000 4.988182
534 0.966967 0.000000 5.005793
535 0.994995 0.000000 5.023404
536 1.023023 0.000000 5.041014
537 1.051051 0.000000 5.058625
538 1.079079 0.000000 5.076235
539 1.107107 0.000000 5.093846
540 1.135135 0.000000 5.111456
541 1.163163 0.000000 5.129067
542 1.191191 0.000000 5.146677
543 1.219219 0.000000 5.164288
544 1.247247 0.000000 5.181898
545 1.275275 0.000000 5.199509
546 1.303303 0.000000 5.217119
547 1.331331 0.000000 5.234730
548 1.359359 0.000000 5.252340
549 1.387387 0.000000 5.269951
550 1.415415 0.000000 5.287561
551 1.443443 0.000000 5.305172
552 1.471471 0.000000 5.322783
553 1.499499 0.000000 5.340393
554 1.527528 0.000000 5.358004
555 1.555556 0.000000 5.375614
556 1.583584 0.000000 5.393225
557 1.611612 0.000000 5.410835
558 1.639640 0.000000 5.428446
559 1.667668 0.000000 5.446056
560 1.695696 0.000000 5.463667
561 1.723724 0.000000 5.481277
562 1.751752 0.000000 5.498888
563 1.779780 0.000000 5.516498
564 1.807808 0.000000 5.534109
565 1.835836 0.000000 5.551719
566 1.863864 0.000000 5.569330
567 1.891892 0.000000 5.586940
568 1.919920 0.000000 5.604551
569 1.947948 0.000000 5.622162
570 1.975976 0.000000 5.639772
571 2.004004 0.000000 5.657383
572 2.032032 0.000000 5.674993
573 2.060060 0.000000 5.692604
574 2.088088 0.000000 5.710214
575 2.116116 0.000000 5.727825
576 2.144144 0.000000 5.745435
577 2.172172 0.000000 5.763046
578 2.200200 0.000000 5.780656
579 2.228228 0.000000 5.798267
580 2.256256 0.000000 5.815877
581 2.284284 0.000000 5.833488
582 2.312312 0.000000 5.851098
583 2.340340 0.000000 5.868709
584 2.368368 0.000000 5.886319
585 2.396396 0.000000 5.903930
586 2.424424 0.000000 5.921541
587 2.452452 0.000000 5.939151
588 2.480480 0.000000 5.956762
589 2.508509 0.000000 5.974372
590 2.536537 0.000000 5.991983
591 2.564565 0.000000 6.009593
592 2.592593 0.000000 6.027204
593 2.620621 0.000000 6.044814
594 2.648649 0.000000 6.062425
595 2.676677 0.000000 6.080035
596 2.704705 0.000000 6.097646
597 2.732733 0.000000 6.115256
598 2.760761 0.000000 6.132867
599 2.788789 0.000000 6.150477
600 2.816817 0.000000 6.168088
601 2.844845 0.000000 6.185698
602 2.872873 0.000000 6.203309
603 2.900901 0.000000 6.220920
604 2.928929 0.000000 6.238530
605 2.956957 0.000000 6.256141
606 2.984985 0.000000 6.273751
607 3.013013 0.013013 0.008176
608 3.041041 0.041041 0.025787
609 3.069069 0.069069 0.043397
610 3.097097 0.097097 0.061008
611 3.125125 0.125125 0.078618
612 3.153153 0.153153 0.096229
613 3.181181 0.181181 0.113839
614 3.209209 0.209209 0.131450
615 3.237237 0.237237 0.149061
616 3.265265 0.265265 0.166671
617 3.293293 0.293293 0.184282
618 3.321321 0.321321 0.201892
619 3.349349 0.349349 0.219503
620 3.377377 0.377377 0.237113
621 3.405405 0.405405 0.254724
622 3.433433 0.433433 0.272334
623 3.461461 0.461461 0.289945
624 3.489489 0.489489 0.307555
625 3.517518 0.517518 0.325166
626 3.545546 0.545546 0.342776
627 3.573574 0.573574 0.360387
628 3.601602 0.601602 0.377997
629 3.629630 0.629630 0.395608
630 3.657658 0.657658 0.413218
631 3.685686 0.685686 0.430829
632 3.713714 0.713714 0.448440
633 3.741742 0.741742 0.466050
634 3.769770 0.769770 0.483661
635 3.797798 0.797798 0.501271
636 3.825826 0.825826 0.518882
637 3.853854 0.853854 0.536492
638 3.881882 0.881882 0.554103
639 3.909910 0.909910 0.571713
640 3.937938 0.937938 0.589324
641 3.965966 0.965966 0.606934
642 3.993994 0.993994 0.624545
643 4.022022 0.995596 0.642155
644 4.050050 0.989990 0.659766
645 4.078078 0.984384 0.677376
646 4.106106 0.978779 0.694987
647 4.134134 0.973173 0.712597
648 4.162162 0.967568 0.730208
649 4.190190 0.961962 0.747819
650 4.218218 0.956356 0.765429
651 4.246246 0.950751 0.783040
652 4.274274 0.945145 0.800650
653 4.302302 0.939540 0.818261
654 4.330330 0.933934 0.835871
655 4.358358 0.928328 0.853482
656 4.386386 0.922723 0.871092
657 4.414414 0.917117 0.888703
658 4.442442 0.911512 0.906313
659 4.470470 0.905906 0.923924
660 4.498498 0.900300 0.941534
661 4.526527 0.894695 0.959145
662 4.554555 0.889089 0.976755
663 4.582583 0.883483 0.994366
664 4.610611 0.877878 1.011976
665 4.638639 0.872272 1.029587
666 4.666667 0.866667 1.047198
667 4.694695 0.861061 1.064808
668 4.722723 0.855455 1.082419
669 4.750751 0.849850 1.100029
670 4.778779 0.844244 1.117640
671 4.806807 0.838639 1.135250
672 4.834835 0.833033 1.152861
673 4.862863 0.827427 1.170471
674 4.890891 0.821822 1.188082
675 4.918919 0.816216 1.205692
676 4.946947 0.810611 1.223303
677 4.974975 0.805005 1.240913
678 5.003003 0.799399 1.258524
679 5.031031 0.793794 1.276134
680 5.059059 0.788188 1.293745
681 5.087087 0.782583 1.311355
682 5.115115 0.776977 1.328966
683 5.143143 0.771371 1.346577
684 5.171171 0.765766 1.364187
685 5.199199 0.760160 1.381798
686 5.227227 0.754555 1.399408
687 5.255255 0.748949 1.417019
688 5.283283 0.743343 1.434629
689 5.311311 0.737738 1.452240
690 5.339339 0.732132 1.469850
691 5.367367 0.726527 1.487461
692 5.395395 0.720921 1.505071
693 5.423423 0.715315 1.522682
694 5.451451 0.709710 1.540292
695 5.479479 0.704104 1.557903
696 5.507508 0.698498 1.575513
697 5.535536 0.692893 1.593124
698 5.563564 0.687287 1.610734
699 5.591592 0.681682 1.628345
700 5.619620 0.676076 1.645956
701 5.647648 0.670470 1.663566
702 5.675676 0.664865 1.681177
703 5.703704 0.659259 1.698787
704 5.731732 0.653654 1.716398
705 5.759760 0.648048 1.734008
706 5.787788 0.642442 1.751619
707 5.815816 0.636837 1.769229
708 5.843844 0.631231 1.786840
709 5.871872 0.625626 1.804450
710 5.899900 0.620020 1.822061
711 5.927928 0.614414 1.839671
712 5.955956 0.608809 1.857282
713 5.983984 0.603203 1.874892
714 6.012012 0.597598 1.892503
715 6.040040 0.591992 1.910113
716 6.068068 0.586386 1.927724
717 6.096096 0.580781 1.945335
718 6.124124 0.575175 1.962945
719 6.152152 0.569570 1.980556
720 6.180180 0.563964 1.998166
721 6.208208 0.558358 2.015777
722 6.236236 0.552753 2.033387
723 6.264264 0.547147 2.050998
724 6.292292 0.541542 2.068608
725 6.320320 0.535936 2.086219
726 6.348348 0.530330 2.103829
727 6.376376 0.524725 2.121440
728 6.404404 0.519119 2.139050
729 6.432432 0.513514 2.156661
730 6.460460 0.507908 2.174271
731 6.488488 0.502302 2.191882
732 6.516517 0.496697 2.209492
733 6.544545 0.491091 2.227103
734 6.572573 0.485485 2.244714
735 6.600601 0.479880 2.262324
736 6.628629 0.474274 2.279935
737 6.656657 0.468669 2.297545
738 6.684685 0.463063 2.315156
739 6.712713 0.457457 2.332766
740 6.740741 0.451852 2.350377
741 6.768769 0.446246 2.367987
742 6.796797 0.440641 2.385598
743 6.824825 0.435035 2.403208
744 6.852853 0.429429 2.420819
745 6.880881 0.423824 2.438429
746 6.908909 0.418218 2.456040
747 6.936937 0.412613 2.473650
748 6.964965 0.407007 2.491261
749 6.992993 0.401401 2.508871
750 7.021021 0.395796 2.526482
751 7.049049 0.390190 2.544093
752 7.077077 0.384585 2.561703
753 7.105105 0.378979 2.579314
754 7.133133 0.373373 2.596924
755 7.161161 0.367768 2.614535
756 7.189189 0.362162 2.632145
757 7.217217 0.356557 2.649756
758 7.245245 0.350951 2.667366
759 7.273273 0.345345 2.684977
760 7.301301 0.339740 2.702587
761 7.329329 0.334134 2.720198
762 7.357357 0.328529 2.737808
763 7.385385 0.322923 2.755419
764 7.413413 0.317317 2.773029
765 7.441441 0.311712 2.790640
766 7.469469 0.306106 2.808250
767 7.497497 0.300501 2.825861
768 7.525526 0.294895 2.843472
769 7.553554 0.289289 2.861082
770 7.581582 0.283684 2.878693
771 7.609610 0.278078 2.896303
772 7.637638 0.272472 2.913914
773 7.665666 0.266867 2.931524
774 7.693694 0.261261 2.949135
775 7.721722 0.255656 2.966745
776 7.749750 0.250050 2.984356
777 7.777778 0.244444 3.001966
778 7.805806 0.238839 3.019577
779 7.833834 0.233233 3.037187
780 7.861862 0.227628 3.054798
781 7.889890 0.222022 3.072408
782 7.917918 0.216416 3.090019
783 7.945946 0.210811 3.107629
784 7.973974 0.205205 3.125240
785 8.002002 0.199600 3.142851
786 8.030030 0.193994 3.160461
787 8.058058 0.188388 3.178072
788 8.086086 0.182783 3.195682
789 8.114114 0.177177 3.213293
790 8.142142 0.171572 3.230903
791 8.170170 0.165966 3.248514
792 8.198198 0.160360 3.266124
793 8.226226 0.154755 3.283735
794 8.254254 0.149149 3.301345
795 8.282282 0.143544 3.318956
796 8.310310 0.137938 3.336566
797 8.338338 0.132332 3.354177
798 8.366366 0.126727 3.371787
799 8.394394 0.121121 3.389398
800 8.422422 0.115516 3.407008
801 8.450450 0.109910 3.424619
802 8.478478 0.104304 3.442230
803 8.506507 0.098699 3.459840
804 8.534535 0.093093 3.477451
805 8.562563 0.087487 3.495061
806 8.590591 0.081882 3.512672
807 8.618619 0.076276 3.530282
808 8.646647 0.070671 3.547893
809 8.674675 0.065065 3.565503
810 8.702703 0.059459 3.583114
811 8.730731 0.053854 3.600724
812 8.758759 0.048248 3.618335
813 8.786787 0.042643 3.635945
814 8.814815 0.037037 3.653556
815 8.842843 0.031431 3.671166
816 8.870871 0.025826 3.688777
817 8.898899 0.020220 3.706387
818 8.926927 0.014615 3.723998
819 8.954955 0.009009 3.741609
820 8.982983 0.003403 3.759219
821 9.011011 0.000000 3.776830
822 9.039039 0.000000 3.794440
823 9.067067 0.000000 3.812051
824 9.095095 0.000000 3.829661
825 9.123123 0.000000 3.847272
826 9.151151 0.000000 3.864882
827 9.179179 0.000000 3.882493
828 9.207207 0.000000 3.900103
829 9.235235 0.000000 3.917714
830 9.263263 0.000000 3.935324
831 9.291291 0.000000 3.952935
832 9.319319 0.000000 3.970545
833 9.347347 0.000000 3.988156
834 9.375375 0.000000 4.005766
835 9.403403 0.000000 4.023377
836 9.431431 0.000000 4.040988
837 9.459459 0.000000 4.058598
838 9.487487 0.000000 4.076209
839 9.515516 0.000000 4.093819
840 9.543544 0.000000 4.111430
841 9.571572 0.000000 4.129040
842 9.599600 0.000000 4.146651
843 9.627628 0.000000 4.164261
844 9.655656 0.000000 4.181872
845 9.683684 0.000000 4.199482
846 9.711712 0.000000 4.217093
847 9.739740 0.000000 4.234703
848 9.767768 0.000000 4.252314
849 9.795796 0.000000 4.269924
850 9.823824 0.000000 4.287535
851 9.851852 0.000000 4.305145
852 9.879880 0.000000 4.322756
853 9.907908 0.000000 4.340367
854 9.935936 0.000000 4.357977
855 9.963964 0.000000 4.375588
856 9.991992 0.000000 4.393198
857 10.020020 0.000000 4.410809
858 10.048048 0.000000 4.428419
859 10.076076 0.000000 4.446030
860 10.104104 0.000000 4.463640
861 10.132132 0.000000 4.481251
862 10.160160 0.000000 4.498861
863 10.188188 0.000000 4.516472
864 10.216216 0.000000 4.534082
865 10.244244 0.000000 4.551693
866 10.272272 0.000000 4.569303
867 10.300300 0.000000 4.586914
868 10.328328 0.000000 4.604524
869 10.356356 0.000000 4.622135
870 10.384384 0.000000 4.639746
871 10.412412 0.000000 4.657356
872 10.440440 0.000000 4.674967
873 10.468468 0.000000 4.692577
874 10.496496 0.000000 4.710188
875 10.524525 0.000000 4.727798
876 10.552553 0.000000 4.745409
877 10.580581 0.000000 4.763019
878 10.608609 0.000000 4.780630
879 10.636637 0.000000 4.798240
880 10.664665 0.000000 4.815851
881 10.692693 0.000000 4.833461
882 10.720721 0.000000 4.851072
883 10.748749 0.000000 4.868682
884 10.776777 0.000000 4.886293
885 10.804805 0.000000 4.903903
886 10.832833 0.000000 4.921514
887 10.860861 0.000000 4.939125
888 10.888889 0.000000 4.956735
889 10.916917 0.000000 4.974346
890 10.944945 0.000000 4.991956
891 10.972973 0.000000 5.009567
892 11.001001 0.000000 5.027177
893 11.029029 0.000000 5.044788
894 11.057057 0.000000 5.062398
895 11.085085 0.000000 5.080009
896 11.113113 0.000000 5.097619
897 11.141141 0.000000 5.115230
898 11.169169 0.000000 5.132840
899 11.197197 0.000000 5.150451
900 11.225225 0.000000 5.168061
901 11.253253 0.000000 5.185672
902 11.281281 0.000000 5.203282
903 11.309309 0.000000 5.220893
904 11.337337 0.000000 5.238504
905 11.365365 0.000000 5.256114
906 11.393393 0.000000 5.273725
907 11.421421 0.000000 5.291335
908 11.449449 0.000000 5.308946
909 11.477477 0.000000 5.326556
910 11.505506 0.000000 5.344167
911 11.533534 0.000000 5.361777
912 11.561562 0.000000 5.379388
913 11.589590 0.000000 5.396998
914 11.617618 0.000000 5.414609
915 11.645646 0.000000 5.432219
916 11.673674 0.000000 5.449830
917 11.701702 0.000000 5.467440
918 11.729730 0.000000 5.485051
919 11.757758 0.000000 5.502661
920 11.785786 0.000000 5.520272
921 11.813814 0.000000 5.537883
922 11.841842 0.000000 5.555493
923 11.869870 0.000000 5.573104
924 11.897898 0.000000 5.590714
925 11.925926 0.000000 5.608325
926 11.953954 0.000000 5.625935
927 11.981982 0.000000 5.643546
928 12.010010 0.000000 5.661156
929 12.038038 0.000000 5.678767
930 12.066066 0.000000 5.696377
931 12.094094 0.000000 5.713988
932 12.122122 0.000000 5.731598
933 12.150150 0.000000 5.749209
934 12.178178 0.000000 5.766819
935 12.206206 0.000000 5.784430
936 12.234234 0.000000 5.802040
937 12.262262 0.000000 5.819651
938 12.290290 0.000000 5.837262
939 12.318318 0.000000 5.854872
940 12.346346 0.000000 5.872483
941 12.374374 0.000000 5.890093
942 12.402402 0.000000 5.907704
943 12.430430 0.000000 5.925314
944 12.458458 0.000000 5.942925
945 12.486486 0.000000 5.960535
946 12.514515 0.000000 5.978146
947 12.542543 0.000000 5.995756
948 12.570571 0.000000 6.013367
949 12.598599 0.000000 6.030977
950 12.626627 0.000000 6.048588
951 12.654655 0.000000 6.066198
952 12.682683 0.000000 6.083809
953 12.710711 0.000000 6.101419
954 12.738739 0.000000 6.119030
955 12.766767 0.000000 6.136641
956 12.794795 0.000000 6.154251
957 12.822823 0.000000 6.171862
958 12.850851 0.000000 6.189472
959 12.878879 0.000000 6.207083
960 12.906907 0.000000 6.224693
961 12.934935 0.000000 6.242304
962 12.962963 0.000000 6.259914
963 12.990991 0.000000 6.277525
964 13.019019 0.019019 0.011950
965 13.047047 0.047047 0.029561
966 13.075075 0.075075 0.047171
967 13.103103 0.103103 0.064782
968 13.131131 0.131131 0.082392
969 13.159159 0.159159 0.100003
970 13.187187 0.187187 0.117613
971 13.215215 0.215215 0.135224
972 13.243243 0.243243 0.152834
973 13.271271 0.271271 0.170445
974 13.299299 0.299299 0.188055
975 13.327327 0.327327 0.205666
976 13.355355 0.355355 0.223276
977 13.383383 0.383383 0.240887
978 13.411411 0.411411 0.258497
979 13.439439 0.439439 0.276108
980 13.467467 0.467467 0.293718
981 13.495495 0.495495 0.311329
982 13.523524 0.523524 0.328940
983 13.551552 0.551552 0.346550
984 13.579580 0.579580 0.364161
985 13.607608 0.607608 0.381771
986 13.635636 0.635636 0.399382
987 13.663664 0.663664 0.416992
988 13.691692 0.691692 0.434603
989 13.719720 0.719720 0.452213
990 13.747748 0.747748 0.469824
991 13.775776 0.775776 0.487434
992 13.803804 0.803804 0.505045
993 13.831832 0.831832 0.522655
994 13.859860 0.859860 0.540266
995 13.887888 0.887888 0.557876
996 13.915916 0.915916 0.575487
997 13.943944 0.943944 0.593097
998 13.971972 0.971972 0.610708
999 14.000000 1.000000 0.628319
